-37.00 -14.00 -13.00 51.00 -15.00 -36.00 -73.00 -28.00 -2.00 -46.00 0.00 0.00 0.00 0.00 0.00 0.00 0.00 0.00 0.00 0.00 
8.00 -12.00 -41.00 -41.00 -18.00 22.00 1.00 0.00 -11.00 23.00 0.00 0.00 0.00 0.00 0.00 0.00 0.00 0.00 0.00 0.00 
-4.00 -19.00 3.00 99.00 -6.00 -22.00 -60.00 -20.00 9.00 25.00 0.00 0.00 0.00 0.00 0.00 0.00 0.00 0.00 0.00 0.00 
11.00 2.00 -24.00 -57.00 -21.00 3.00 1.00 37.00 -13.00 47.00 0.00 0.00 0.00 0.00 0.00 0.00 0.00 0.00 0.00 0.00 
29.00 24.00 18.00 33.00 14.00 8.00 13.00 -28.00 0.00 24.00 0.00 0.00 0.00 0.00 0.00 0.00 0.00 0.00 0.00 0.00 
15.00 16.00 10.00 -90.00 -22.00 28.00 6.00 79.00 26.00 24.00 0.00 0.00 0.00 0.00 0.00 0.00 0.00 0.00 0.00 0.00 
9.00 -20.00 23.00 100.00 -6.00 -21.00 -29.00 -80.00 5.00 40.00 0.00 0.00 0.00 0.00 0.00 0.00 0.00 0.00 0.00 0.00 
14.00 3.00 -9.00 -53.00 -11.00 28.00 -7.00 61.00 8.00 42.00 0.00 0.00 0.00 0.00 0.00 0.00 0.00 0.00 0.00 0.00 
32.00 23.00 10.00 5.00 22.00 62.00 15.00 -12.00 -3.00 39.00 0.00 0.00 0.00 0.00 0.00 0.00 0.00 0.00 0.00 0.00 
14.00 18.00 -74.00 12.00 -19.00 34.00 85.00 -2.00 4.00 15.00 0.00 0.00 0.00 0.00 0.00 0.00 0.00 0.00 0.00 0.00 
0.00 13.00 73.00 58.00 3.00 4.00 -64.00 157.00 -5.00 7.00 0.00 0.00 0.00 0.00 0.00 0.00 0.00 0.00 0.00 0.00 
15.00 7.00 11.00 -53.00 6.00 0.00 -18.00 -194.00 15.00 -24.00 0.00 0.00 0.00 0.00 0.00 0.00 0.00 0.00 0.00 0.00 
0.00 10.00 76.00 -33.00 5.00 7.00 -81.00 -32.00 -1.00 0.00 0.00 0.00 0.00 0.00 0.00 0.00 0.00 0.00 0.00 0.00 
0.00 -2.00 19.00 -74.00 0.00 1.00 -12.00 67.00 0.00 0.00 0.00 0.00 0.00 0.00 0.00 0.00 0.00 0.00 0.00 0.00
0.00 13.00 73.00 58.00 3.00 4.00 -64.00 157.00 -5.00 7.00 0.00 0.00 0.00 0.00 0.00 0.00 0.00 0.00 0.00 0.00 
15.00 7.00 11.00 -53.00 6.00 0.00 -18.00 -194.00 15.00 -24.00 0.00 0.00 0.00 0.00 0.00 0.00 0.00 0.00 0.00 0.00  
-14.00 19.00 63.00 -30.00 7.00 0.00 -82.00 -24.00 -6.00 -24.00 0.00 0.00 0.00 0.00 0.00 0.00 0.00 0.00 0.00 0.00 
-1.00 2.00 0.00 -33.00 18.00 0.00 -3.00 62.00 -13.00 10.00 0.00 0.00 0.00 0.00 0.00 0.00 0.00 0.00 0.00 0.00 
5.00 0.00 21.00 86.00 -8.00 9.00 -14.00 -129.00 -1.00 6.00 0.00 0.00 0.00 0.00 0.00 0.00 0.00 0.00 0.00 0.00 
3.00 1.00 -13.00 -28.00 11.00 66.00 38.00 30.00 -9.00 31.00 0.00 0.00 0.00 0.00 0.00 0.00 0.00 0.00 0.00 0.00 
-13.00 -8.00 65.00 -31.00 -7.00 -19.00 -69.00 -23.00 -15.00 -38.00 0.00 0.00 0.00 0.00 0.00 0.00 0.00 0.00 0.00 0.00 
9.00 -8.00 7.00 15.00 -17.00 23.00 7.00 2.00 -26.00 100.00 0.00 0.00 0.00 0.00 0.00 0.00 0.00 0.00 0.00 0.00 
-43.00 -11.00 -17.00 4.00 -13.00 -37.00 -108.00 -11.00 2.00 -41.00 0.00 0.00 0.00 0.00 0.00 0.00 0.00 0.00 0.00 0.00 
29.00 -60.00 -42.00 -60.00 -5.00 14.00 18.00 54.00 -18.00 24.00 0.00 0.00 0.00 0.00 0.00 0.00 0.00 0.00 0.00 0.00 
3.00 13.00 -13.00 9.00 -4.00 16.00 7.00 4.00 -1.00 13.00 0.00 0.00 0.00 0.00 0.00 0.00 0.00 0.00 0.00 0.00 
39.00 7.00 -30.00 17.00 1.00 91.00 28.00 0.00 -9.00 23.00 0.00 0.00 0.00 0.00 0.00 0.00 0.00 0.00 0.00 0.00 
13.00 -18.00 34.00 77.00 -9.00 -39.00 -48.00 -39.00 8.00 36.00 0.00 0.00 0.00 0.00 0.00 0.00 0.00 0.00 0.00 0.00 
52.00 5.00 -14.00 -36.00 -35.00 25.00 4.00 48.00 -12.00 63.00 0.00 0.00 0.00 0.00 0.00 0.00 0.00 0.00 0.00 0.00 
38.00 27.00 45.00 1.00 15.00 48.00 29.00 31.00 -7.00 46.00 0.00 0.00 0.00 0.00 0.00 0.00 0.00 0.00 0.00 0.00 
55.00 20.00 8.00 -42.00 -24.00 33.00 26.00 105.00 19.00 5.00 0.00 0.00 0.00 0.00 0.00 0.00 0.00 0.00 0.00 0.00 
38.00 27.00 27.00 -6.00 17.00 48.00 46.00 359.00 7.00 42.00 0.00 0.00 0.00 0.00 0.00 0.00 0.00 0.00 0.00 0.00 
55.00 20.00 -67.00 -5.00 -29.00 20.00 90.00 -8.00 10.00 37.00 0.00 0.00 0.00 0.00 0.00 0.00 0.00 0.00 0.00 0.00 
0.00 13.00 73.00 58.00 3.00 4.00 -64.00 157.00 -5.00 7.00 0.00 0.00 0.00 0.00 0.00 0.00 0.00 0.00 0.00 0.00 
15.00 7.00 11.00 -53.00 6.00 0.00 -18.00 -194.00 15.00 -24.00 0.00 0.00 0.00 0.00 0.00 0.00 0.00 0.00 0.00 0.00 
0.00 10.00 76.00 -33.00 5.00 7.00 -81.00 -32.00 -1.00 0.00 0.00 0.00 0.00 0.00 0.00 0.00 0.00 0.00 0.00 0.00 
0.00 -2.00 19.00 -74.00 0.00 1.00 -12.00 67.00 0.00 0.00 0.00 0.00 0.00 0.00 0.00 0.00 0.00 0.00 0.00 0.00
0.00 13.00 73.00 58.00 3.00 4.00 -64.00 157.00 -5.00 7.00 0.00 0.00 0.00 0.00 0.00 0.00 0.00 0.00 0.00 0.00 
15.00 7.00 11.00 -53.00 6.00 0.00 -18.00 -194.00 15.00 -24.00 0.00 0.00 0.00 0.00 0.00 0.00 0.00 0.00 0.00 0.00  
7.00 18.00 38.00 61.00 7.00 5.00 -10.00 -88.00 0.00 0.00 0.00 0.00 0.00 0.00 0.00 0.00 0.00 0.00 0.00 0.00 
0.00 16.00 -11.00 -11.00 -14.00 42.00 44.00 -19.00 0.00 0.00 0.00 0.00 0.00 0.00 0.00 0.00 0.00 0.00 0.00 0.00 
7.00 18.00 63.00 16.00 1.00 7.00 -57.00 4.00 0.00 -22.00 0.00 0.00 0.00 0.00 0.00 0.00 0.00 0.00 0.00 0.00 
0.00 16.00 -14.00 6.00 -14.00 6.00 13.00 -13.00 -8.00 14.00 0.00 0.00 0.00 0.00 0.00 0.00 0.00 0.00 0.00 0.00 
-3.00 -17.00 62.00 20.00 11.00 13.00 -78.00 5.00 2.00 2.00 0.00 0.00 0.00 0.00 0.00 0.00 0.00 0.00 0.00 0.00 
3.00 7.00 10.00 -76.00 -24.00 25.00 -12.00 80.00 15.00 52.00 0.00 0.00 0.00 0.00 0.00 0.00 0.00 0.00 0.00 0.00 
17.00 11.00 29.00 -25.00 9.00 39.00 -7.00 26.00 -1.00 24.00 0.00 0.00 0.00 0.00 0.00 0.00 0.00 0.00 0.00 0.00 
5.00 10.00 -15.00 7.00 -17.00 101.00 30.00 8.00 2.00 1.00 0.00 0.00 0.00 0.00 0.00 0.00 0.00 0.00 0.00 0.00 
31.00 -24.00 45.00 85.00 -9.00 -20.00 -35.00 -57.00 14.00 69.00 0.00 0.00 0.00 0.00 0.00 0.00 0.00 0.00 0.00 0.00 
9.00 12.00 -11.00 -42.00 -32.00 38.00 31.00 38.00 -14.00 47.00 0.00 0.00 0.00 0.00 0.00 0.00 0.00 0.00 0.00 0.00 
3.00 0.00 20.00 45.00 10.00 49.00 -37.00 -15.00 1.00 76.00 0.00 0.00 0.00 0.00 0.00 0.00 0.00 0.00 0.00 0.00 
40.00 2.00 -13.00 -96.00 -28.00 13.00 13.00 78.00 -2.00 19.00 0.00 0.00 0.00 0.00 0.00 0.00 0.00 0.00 0.00 0.00 
3.00 21.00 23.00 -37.00 12.00 96.00 -14.00 2.00 -9.00 70.00 0.00 0.00 0.00 0.00 0.00 0.00 0.00 0.00 0.00 0.00 
40.00 -6.00 0.00 -54.00 -31.00 13.00 14.00 54.00 2.00 -2.00 0.00 0.00 0.00 0.00 0.00 0.00 0.00 0.00 0.00 0.00 
3.00 -4.00 37.00 48.00 -2.00 177.00 -37.00 -57.00 -3.00 24.00 0.00 0.00 0.00 0.00 0.00 0.00 0.00 0.00 0.00 0.00 
40.00 14.00 2.00 -75.00 -7.00 15.00 25.00 65.00 -5.00 36.00 0.00 0.00 0.00 0.00 0.00 0.00 0.00 0.00 0.00 0.00 
35.00 23.00 14.00 -25.00 6.00 165.00 17.00 -21.00 -1.00 40.00 0.00 0.00 0.00 0.00 0.00 0.00 0.00 0.00 0.00 0.00 
47.00 13.00 -47.00 -5.00 -17.00 33.00 40.00 18.00 5.00 11.00 0.00 0.00 0.00 0.00 0.00 0.00 0.00 0.00 0.00 0.00 
0.00 5.00 -10.00 40.00 -13.00 26.00 -58.00 -37.00 11.00 -24.00 0.00 0.00 0.00 0.00 0.00 0.00 0.00 0.00 0.00 0.00 
0.00 4.00 -58.00 -94.00 2.00 22.00 36.00 36.00 -10.00 31.00 0.00 0.00 0.00 0.00 0.00 0.00 0.00 0.00 0.00 0.00 
9.00 -15.00 75.00 20.00 6.00 -12.00 -36.00 -6.00 -4.00 -16.00 0.00 0.00 0.00 0.00 0.00 0.00 0.00 0.00 0.00 0.00 
-4.00 14.00 -1.00 -48.00 2.00 5.00 -14.00 45.00 -11.00 12.00 0.00 0.00 0.00 0.00 0.00 0.00 0.00 0.00 0.00 0.00 
-8.00 11.00 46.00 -17.00 2.00 -12.00 -91.00 0.00 -3.00 -8.00 0.00 0.00 0.00 0.00 0.00 0.00 0.00 0.00 0.00 0.00 
-2.00 5.00 15.00 -49.00 3.00 5.00 -19.00 73.00 3.00 3.00 0.00 0.00 0.00 0.00 0.00 0.00 0.00 0.00 0.00 0.00 
-3.00 2.00 71.00 -42.00 4.00 7.00 -68.00 -11.00 -5.00 -30.00 0.00 0.00 0.00 0.00 0.00 0.00 0.00 0.00 0.00 0.00 
2.00 4.00 -19.00 31.00 -9.00 17.00 19.00 -17.00 -23.00 21.00 0.00 0.00 0.00 0.00 0.00 0.00 0.00 0.00 0.00 0.00 
-10.00 -16.00 75.00 23.00 -1.00 7.00 -17.00 -82.00 -6.00 -26.00 0.00 0.00 0.00 0.00 0.00 0.00 0.00 0.00 0.00 0.00 
1.00 -1.00 3.00 -55.00 -38.00 0.00 -31.00 73.00 -12.00 28.00 0.00 0.00 0.00 0.00 0.00 0.00 0.00 0.00 0.00 0.00 
18.00 19.00 56.00 -14.00 1.00 -24.00 -52.00 -82.00 -8.00 -16.00 0.00 0.00 0.00 0.00 0.00 0.00 0.00 0.00 0.00 0.00 
15.00 10.00 26.00 -94.00 7.00 38.00 -20.00 73.00 -18.00 9.00 0.00 0.00 0.00 0.00 0.00 0.00 0.00 0.00 0.00 0.00 
9.00 3.00 13.00 62.00 -2.00 2.00 -8.00 -86.00 1.00 2.00 0.00 0.00 0.00 0.00 0.00 0.00 0.00 0.00 0.00 0.00 
15.00 2.00 4.00 -11.00 -10.00 97.00 17.00 0.00 -13.00 20.00 0.00 0.00 0.00 0.00 0.00 0.00 0.00 0.00 0.00 0.00 
9.00 -4.00 57.00 -20.00 7.00 2.00 -76.00 19.00 -8.00 -10.00 0.00 0.00 0.00 0.00 0.00 0.00 0.00 0.00 0.00 0.00 
15.00 0.00 -13.00 -9.00 -1.00 7.00 21.00 -1.00 -26.00 92.00 0.00 0.00 0.00 0.00 0.00 0.00 0.00 0.00 0.00 0.00 
-39.00 -23.00 -10.00 -20.00 -8.00 -23.00 -129.00 -45.00 8.00 -39.00 0.00 0.00 0.00 0.00 0.00 0.00 0.00 0.00 0.00 0.00 
22.00 -34.00 -37.00 -9.00 -16.00 19.00 36.00 82.00 -12.00 30.00 0.00 0.00 0.00 0.00 0.00 0.00 0.00 0.00 0.00 0.00 
-65.00 -7.00 7.00 -131.00 -6.00 -22.00 -130.00 8.00 -2.00 -51.00 0.00 0.00 0.00 0.00 0.00 0.00 0.00 0.00 0.00 0.00 
16.00 -35.00 -59.00 206.00 -1.00 35.00 37.00 19.00 -21.00 33.00 0.00 0.00 0.00 0.00 0.00 0.00 0.00 0.00 0.00 0.00 
4.00 24.00 -5.00 -20.00 1.00 28.00 12.00 14.00 -7.00 19.00 0.00 0.00 0.00 0.00 0.00 0.00 0.00 0.00 0.00 0.00 
25.00 -3.00 -15.00 356.00 -19.00 83.00 35.00 -3.00 17.00 -9.00 0.00 0.00 0.00 0.00 0.00 0.00 0.00 0.00 0.00 0.00 
31.00 -36.00 50.00 61.00 -15.00 -29.00 -18.00 46.00 7.00 45.00 0.00 0.00 0.00 0.00 0.00 0.00 0.00 0.00 0.00 0.00 
22.00 9.00 -10.00 318.00 -25.00 38.00 -20.00 186.00 0.00 47.00 0.00 0.00 0.00 0.00 0.00 0.00 0.00 0.00 0.00 0.00 
25.00 10.00 23.00 -9.00 19.00 44.00 15.00 105.00 -3.00 39.00 0.00 0.00 0.00 0.00 0.00 0.00 0.00 0.00 0.00 0.00 
21.00 7.00 -9.00 300.00 -30.00 33.00 13.00 194.00 6.00 9.00 0.00 0.00 0.00 0.00 0.00 0.00 0.00 0.00 0.00 0.00 
15.00 -4.00 21.00 84.00 3.00 -6.00 -27.00 65.00 -2.00 54.00 0.00 0.00 0.00 0.00 0.00 0.00 0.00 0.00 0.00 0.00 
27.00 3.00 -8.00 340.00 -23.00 14.00 -5.00 206.00 3.00 20.00 0.00 0.00 0.00 0.00 0.00 0.00 0.00 0.00 0.00 0.00 
28.00 18.00 46.00 26.00 3.00 -6.00 -2.00 134.00 -2.00 54.00 0.00 0.00 0.00 0.00 0.00 0.00 0.00 0.00 0.00 0.00 
22.00 6.00 -11.00 336.00 -23.00 14.00 43.00 201.00 3.00 20.00 0.00 0.00 0.00 0.00 0.00 0.00 0.00 0.00 0.00 0.00 
4.00 0.00 44.00 -18.00 -9.00 13.00 -50.00 140.00 9.00 -20.00 0.00 0.00 0.00 0.00 0.00 0.00 0.00 0.00 0.00 0.00 
18.00 3.00 -30.00 313.00 -9.00 19.00 9.00 199.00 -1.00 5.00 0.00 0.00 0.00 0.00 0.00 0.00 0.00 0.00 0.00 0.00 
4.00 0.00 61.00 40.00 8.00 7.00 -56.00 150.00 1.00 5.00 0.00 0.00 0.00 0.00 0.00 0.00 0.00 0.00 0.00 0.00 
18.00 3.00 14.00 344.00 -11.00 -10.00 -27.00 228.00 3.00 -7.00 0.00 0.00 0.00 0.00 0.00 0.00 0.00 0.00 0.00 0.00 
4.00 -2.00 61.00 54.00 1.00 7.00 -74.00 183.00 0.00 5.00 0.00 0.00 0.00 0.00 0.00 0.00 0.00 0.00 0.00 0.00 
18.00 3.00 30.00 293.00 8.00 -10.00 -16.00 185.00 9.00 -7.00 0.00 0.00 0.00 0.00 0.00 0.00 0.00 0.00 0.00 0.00
-20.00 14.00 50.00 3.00 2.00 -18.00 -28.00 -79.00 -6.00 -16.00 0.00 0.00 0.00 0.00 0.00 0.00 0.00 0.00 0.00 0.00 
2.00 -4.00 27.00 -63.00 -8.00 13.00 -25.00 42.00 4.00 30.00 0.00 0.00 0.00 0.00 0.00 0.00 0.00 0.00 0.00 0.00 
-2.00 -10.00 75.00 30.00 -3.00 1.00 -65.00 6.00 -9.00 -16.00 0.00 0.00 0.00 0.00 0.00 0.00 0.00 0.00 0.00 0.00 
10.00 -4.00 16.00 -63.00 -19.00 -5.00 -16.00 67.00 5.00 30.00 0.00 0.00 0.00 0.00 0.00 0.00 0.00 0.00 0.00 0.00 
-18.00 0.00 42.00 -7.00 -8.00 -23.00 -118.00 -3.00 -7.00 -34.00 0.00 0.00 0.00 0.00 0.00 0.00 0.00 0.00 0.00 0.00 
11.00 8.00 -11.00 -7.00 -6.00 9.00 28.00 -9.00 -25.00 39.00 0.00 0.00 0.00 0.00 0.00 0.00 0.00 0.00 0.00 0.00 
-8.00 6.00 68.00 -2.00 0.00 -12.00 -42.00 -54.00 -7.00 -35.00 0.00 0.00 0.00 0.00 0.00 0.00 0.00 0.00 0.00 0.00 
8.00 8.00 -8.00 -56.00 1.00 25.00 -31.00 100.00 -8.00 8.00 0.00 0.00 0.00 0.00 0.00 0.00 0.00 0.00 0.00 0.00 
-3.00 -1.00 31.00 61.00 0.00 3.00 -45.00 -43.00 -1.00 2.00 0.00 0.00 0.00 0.00 0.00 0.00 0.00 0.00 0.00 0.00 
7.00 -2.00 7.00 -17.00 1.00 78.00 -4.00 17.00 5.00 -17.00 0.00 0.00 0.00 0.00 0.00 0.00 0.00 0.00 0.00 0.00 
-3.00 -1.00 76.00 -26.00 1.00 13.00 -79.00 23.00 -5.00 -6.00 0.00 0.00 0.00 0.00 0.00 0.00 0.00 0.00 0.00 0.00 
7.00 -2.00 -15.00 6.00 -8.00 -23.00 18.00 -14.00 4.00 78.00 0.00 0.00 0.00 0.00 0.00 0.00 0.00 0.00 0.00 0.00 
-3.00 -1.00 78.00 -10.00 1.00 -2.00 -74.00 0.00 -5.00 -8.00 0.00 0.00 0.00 0.00 0.00 0.00 0.00 0.00 0.00 0.00 
7.00 -2.00 2.00 3.00 2.00 92.00 -8.00 16.00 -8.00 25.00 0.00 0.00 0.00 0.00 0.00 0.00 0.00 0.00 0.00 0.00 
-3.00 -1.00 31.00 26.00 3.00 8.00 23.00 0.00 -5.00 -9.00 0.00 0.00 0.00 0.00 0.00 0.00 0.00 0.00 0.00 0.00 
7.00 -2.00 20.00 -67.00 0.00 9.00 -20.00 -17.00 -2.00 29.00 0.00 0.00 0.00 0.00 0.00 0.00 0.00 0.00 0.00 0.00 
43.00 7.00 138.00 -32.00 4.00 55.00 51.00 0.00 26.00 50.00 0.00 0.00 0.00 0.00 0.00 0.00 0.00 0.00 0.00 0.00 
31.00 13.00 -7.00 -74.00 -14.00 36.00 -20.00 -17.00 5.00 54.00 0.00 0.00 0.00 0.00 0.00 0.00 0.00 0.00 0.00 0.00 
30.00 14.00 82.00 -12.00 29.00 65.00 27.00 10.00 -4.00 49.00 0.00 0.00 0.00 0.00 0.00 0.00 0.00 0.00 0.00 0.00 
67.00 50.00 24.00 10.00 -27.00 40.00 46.00 75.00 15.00 21.00 0.00 0.00 0.00 0.00 0.00 0.00 0.00 0.00 0.00 0.00 
30.00 -9.00 67.00 19.00 2.00 40.00 36.00 28.00 17.00 49.00 0.00 0.00 0.00 0.00 0.00 0.00 0.00 0.00 0.00 0.00 
67.00 13.00 -21.00 -16.00 -17.00 28.00 -31.00 -15.00 5.00 21.00 0.00 0.00 0.00 0.00 0.00 0.00 0.00 0.00 0.00 0.00 
-59.00 -23.00 -21.00 -8.00 -19.00 -28.00 -117.00 -24.00 -8.00 -37.00 0.00 0.00 0.00 0.00 0.00 0.00 0.00 0.00 0.00 0.00 
68.00 -54.00 -64.00 -5.00 -11.00 33.00 20.00 75.00 -8.00 50.00 0.00 0.00 0.00 0.00 0.00 0.00 0.00 0.00 0.00 0.00 
-51.00 -31.00 11.00 68.00 -13.00 -46.00 -29.00 22.00 -17.00 -50.00 0.00 0.00 0.00 0.00 0.00 0.00 0.00 0.00 0.00 0.00 
68.00 -33.00 2.00 3.00 15.00 42.00 -22.00 -3.00 -41.00 54.00 0.00 0.00 0.00 0.00 0.00 0.00 0.00 0.00 0.00 0.00 
-3.00 1.00 28.00 7.00 -19.00 2.00 -49.00 -9.00 1.00 -29.00 0.00 0.00 0.00 0.00 0.00 0.00 0.00 0.00 0.00 0.00 
65.00 -8.00 4.00 2.00 -9.00 3.00 -1.00 -12.00 -6.00 23.00 0.00 0.00 0.00 0.00 0.00 0.00 0.00 0.00 0.00 0.00 
24.00 -22.00 30.00 95.00 -2.00 21.00 -45.00 -63.00 12.00 -34.00 0.00 0.00 0.00 0.00 0.00 0.00 0.00 0.00 0.00 0.00 
66.00 2.00 -24.00 -35.00 -27.00 36.00 29.00 15.00 -6.00 9.00 0.00 0.00 0.00 0.00 0.00 0.00 0.00 0.00 0.00 0.00 
24.00 -11.00 28.00 7.00 0.00 36.00 38.00 -63.00 4.00 17.00 0.00 0.00 0.00 0.00 0.00 0.00 0.00 0.00 0.00 0.00 
66.00 33.00 21.00 -32.00 -24.00 47.00 49.00 15.00 -2.00 12.00 0.00 0.00 0.00 0.00 0.00 0.00 0.00 0.00 0.00 0.00 
24.00 -11.00 52.00 46.00 -4.00 25.00 7.00 73.00 10.00 17.00 0.00 0.00 0.00 0.00 0.00 0.00 0.00 0.00 0.00 0.00 
66.00 33.00 -18.00 -40.00 3.00 15.00 -30.00 13.00 -22.00 45.00 0.00 0.00 0.00 0.00 0.00 0.00 0.00 0.00 0.00 0.00 
19.00 28.00 37.00 -53.00 -4.00 25.00 20.00 19.00 10.00 17.00 0.00 0.00 0.00 0.00 0.00 0.00 0.00 0.00 0.00 0.00 
66.00 8.00 -28.00 4.00 3.00 15.00 -30.00 391.00 -22.00 45.00 0.00 0.00 0.00 0.00 0.00 0.00 0.00 0.00 0.00 0.00 
0.00 0.00 32.00 86.00 -1.00 15.00 -32.00 -108.00 -4.00 -22.00 0.00 0.00 0.00 0.00 0.00 0.00 0.00 0.00 0.00 0.00 
0.00 0.00 -4.00 -27.00 -8.00 13.00 21.00 35.00 -12.00 21.00 0.00 0.00 0.00 0.00 0.00 0.00 0.00 0.00 0.00 0.00 
0.00 0.00 80.00 -32.00 16.00 38.00 -71.00 12.00 4.00 22.00 0.00 0.00 0.00 0.00 0.00 0.00 0.00 0.00 0.00 0.00 
0.00 0.00 15.00 17.00 -26.00 49.00 -20.00 -13.00 -12.00 35.00 0.00 0.00 0.00 0.00 0.00 0.00 0.00 0.00 0.00 0.00 
0.00 0.00 67.00 4.00 3.00 9.00 -52.00 -12.00 14.00 -12.00 0.00 0.00 0.00 0.00 0.00 0.00 0.00 0.00 0.00 0.00 
0.00 0.00 -22.00 17.00 -14.00 23.00 -11.00 13.00 -14.00 30.00 0.00 0.00 0.00 0.00 0.00 0.00 0.00 0.00 0.00 0.00 
23.00 -5.00 84.00 -1.00 -1.00 20.00 -66.00 34.00 14.00 -13.00 0.00 0.00 0.00 0.00 0.00 0.00 0.00 0.00 0.00 0.00 
1.00 11.00 -16.00 10.00 -21.00 28.00 12.00 0.00 -14.00 20.00 0.00 0.00 0.00 0.00 0.00 0.00 0.00 0.00 0.00 0.00 
23.00 -3.00 75.00 -13.00 -1.00 20.00 -35.00 5.00 14.00 -13.00 0.00 0.00 0.00 0.00 0.00 0.00 0.00 0.00 0.00 0.00 
1.00 36.00 21.00 7.00 -21.00 28.00 -22.00 2.00 -14.00 20.00 0.00 0.00 0.00 0.00 0.00 0.00 0.00 0.00 0.00 0.00 
17.00 -1.00 83.00 -15.00 -1.00 20.00 -70.00 5.00 14.00 -13.00 0.00 0.00 0.00 0.00 0.00 0.00 0.00 0.00 0.00 0.00 
-1.00 22.00 -12.00 6.00 -21.00 28.00 10.00 2.00 -14.00 20.00 0.00 0.00 0.00 0.00 0.00 0.00 0.00 0.00 0.00 0.00 
17.00 -1.00 7.00 -44.00 -1.00 20.00 -2.00 27.00 6.00 -13.00 0.00 0.00 0.00 0.00 0.00 0.00 0.00 0.00 0.00 0.00 
-2.00 4.00 -16.00 0.00 -21.00 28.00 27.00 -17.00 -6.00 20.00 0.00 0.00 0.00 0.00 0.00 0.00 0.00 0.00 0.00 0.00 
17.00 -1.00 53.00 25.00 4.00 20.00 -42.00 -34.00 4.00 -13.00 0.00 0.00 0.00 0.00 0.00 0.00 0.00 0.00 0.00 0.00 
-2.00 4.00 -38.00 -43.00 -16.00 28.00 46.00 60.00 2.00 20.00 0.00 0.00 0.00 0.00 0.00 0.00 0.00 0.00 0.00 0.00 
-67.00 -10.00 -80.00 -8.00 -7.00 -30.00 -105.00 -34.00 9.00 -34.00 0.00 0.00 0.00 0.00 0.00 0.00 0.00 0.00 0.00 0.00 
-3.00 -41.00 -81.00 5.00 -5.00 10.00 18.00 47.00 12.00 19.00 0.00 0.00 0.00 0.00 0.00 0.00 0.00 0.00 0.00 0.00 
-74.00 -15.00 -93.00 -28.00 0.00 -3.00 -160.00 -16.00 9.00 -34.00 0.00 0.00 0.00 0.00 0.00 0.00 0.00 0.00 0.00 0.00 
-3.00 -81.00 -75.00 4.00 -13.00 32.00 8.00 98.00 12.00 19.00 0.00 0.00 0.00 0.00 0.00 0.00 0.00 0.00 0.00 0.00 
-74.00 1.00 -110.00 -65.00 -1.00 -9.00 -139.00 -3.00 3.00 -41.00 0.00 0.00 0.00 0.00 0.00 0.00 0.00 0.00 0.00 0.00 
-3.00 -13.00 -68.00 -26.00 -19.00 42.00 21.00 90.00 14.00 30.00 0.00 0.00 0.00 0.00 0.00 0.00 0.00 0.00 0.00 0.00 
